999,33,28,77,998,34,43,25,71,38,42,989,996,39,85,10,37,27,36,313
80,79,46,601,858,96,403,97,311,433,11,7,19,458,421,826,412,144,997,821
829,15,6,75,10,50,23,76,63,25,830,56,726,35,989,71,996,313,77,51
823,66,30,592,541,58,751,915,7,186,45,117,711,759,14,457,158,95,463,630
774,780,653,727,724,994,628,990,450,588,446,769,418,762,458,449,663,434,753,448
997,798,433,468,13,425,610,399,866,400,614,822,52,851,409,991,872,426,414,393
829,2,20,21,816,15,74,8,764,821,75,65,76,23,396,50,864,10,620,61
19,80,14,11,84,3,13,95,823,592,795,79,117,472,66,31,186,995,400,721
65,21,829,816,41,20,29,6,2,673,10,75,721,56,761,74,25,813,15,988
98,59,542,558,601,748,520,640,833,411,582,350,555,615,655,547,869,577,447,311
25,996,998,63,42,38,77,27,43,28,71,34,33,36,0,999,989,37,313,85
80,7,95,823,706,58,652,19,3,14,403,421,66,541,592,117,601,97,137,874
985,70,86,23,16,64,62,78,44,540,726,35,817,61,719,689,73,746,809,830
400,433,52,866,54,19,997,5,798,822,425,67,417,806,60,783,752,610,692,14
997,19,783,828,7,425,725,13,399,55,721,669,991,795,414,818,614,426,866,796
75,50,63,71,28,38,42,33,27,37,43,999,36,998,2,56,996,10,25,0
985,61,540,12,47,743,70,23,86,64,73,35,726,817,44,830,689,746,719,62
355,528,983,548,674,201,172,505,526,504,367,909,559,192,612,838,361,584,581,492
94,48,856,986,747,391,801,447,630,712,426,53,409,87,395,667,987,758,875,52
7,13,997,14,433,403,783,97,80,692,822,851,991,417,400,614,443,752,828,414
6,829,2,21,8,816,74,65,831,821,828,795,589,721,814,15,764,620,864,995
65,8,816,829,10,25,85,989,813,77,39,71,82,998,34,996,38,42,313,992
458,444,753,449,448,762,628,454,433,991,144,97,614,436,403,4,780,822,434,603
689,70,73,726,76,62,51,50,830,86,985,35,63,56,75,719,36,15,61,27
870,552,196,528,136,378,918,917,126,142,874,318,271,621,250,289,221,129,670,750
998,43,77,33,38,999,28,42,71,34,0,996,10,989,37,85,27,39,36,63
313,82,813,85,989,92,83,34,27,996,77,37,992,766,36,10,42,38,0,998
37,996,42,38,43,63,36,998,71,33,999,28,56,25,10,313,75,77,50,0
999,33,43,71,998,38,42,0,25,77,996,34,37,27,989,63,36,10,39,75
41,65,8,32,82,989,85,761,60,34,992,77,25,14,39,0,92,998,10,471
606,841,457,850,416,186,915,594,3,407,630,49,751,383,939,872,599,566,745,759
45,156,181,923,751,145,147,233,159,252,892,158,162,652,975,241,522,236,291,901
54,992,92,60,82,85,761,52,989,41,34,26,93,866,21,67,77,83,400,13
999,28,43,71,998,38,42,0,25,77,996,34,37,27,989,36,39,63,10,75
77,989,0,998,25,33,996,43,28,999,42,71,38,85,39,82,10,37,313,27
50,63,36,51,27,37,996,42,38,43,998,71,75,56,33,28,999,25,10,77
63,996,27,38,42,43,998,71,33,37,999,28,50,10,25,83,77,0,34,75
27,42,38,43,996,998,71,33,999,28,56,25,63,36,77,75,0,50,34,313
42,43,998,33,28,999,71,996,25,37,27,77,0,36,34,989,63,10,85,75
0,77,34,999,33,989,998,28,25,43,71,996,38,42,82,85,10,37,83,813
472,377,630,5,593,810,872,793,426,833,400,13,798,610,547,477,869,66,186,455
761,92,26,82,992,313,813,85,766,816,721,989,83,54,34,312,77,988,996,65
38,43,998,33,71,28,999,996,25,37,27,77,0,36,34,989,63,10,85,75
38,42,998,33,999,28,71,25,996,77,37,0,27,34,36,989,63,10,85,75
73,23,78,86,12,689,64,51,985,70,62,726,76,61,719,830,47,15,16,50
652,939,781,621,343,308,256,225,233,291,210,140,975,902,287,938,208,904,145,137
80,1,614,54,991,851,87,997,448,190,458,96,468,52,858,414,822,443,19,433
540,16,746,885,985,61,12,827,76,993,642,44,74,810,86,64,312,721,817,23
94,87,425,18,426,398,821,746,52,610,725,866,393,312,806,851,826,818,92,54
842,91,606,869,407,785,408,445,599,635,402,686,848,30,630,833,748,427,641,465
63,75,36,27,37,42,38,71,43,996,56,28,998,33,999,35,10,25,15,51
36,35,63,50,27,56,37,73,996,38,42,61,43,70,726,75,71,998,33,999
54,866,806,87,13,851,822,433,400,426,997,67,425,60,610,312,417,826,5,443
502,987,879,605,801,597,873,791,413,429,629,878,613,639,853,856,841,360,90,437
52,806,92,866,425,13,87,997,992,32,443,761,26,384,610,433,312,60,432,991
809,765,818,726,830,86,62,817,725,766,70,76,425,83,689,719,396,764,783,23
37,27,996,38,42,43,998,25,71,50,63,28,77,36,33,999,0,313,75,10
203,247,254,367,240,581,215,321,133,342,756,346,178,277,921,116,336,500,89,214
823,833,558,3,706,411,562,431,869,91,630,606,49,470,857,344,11,419,714,872
98,469,9,857,558,354,833,91,714,593,875,869,655,406,785,447,748,646,411,842
67,400,52,54,384,92,32,786,13,179,806,992,471,761,82,866,93,752,784,41
51,35,50,63,16,36,56,830,23,985,726,27,37,689,996,70,38,42,73,43
86,70,719,55,726,817,23,809,689,78,830,725,73,51,27,37,765,12,36,56
36,50,27,42,38,75,43,996,71,10,28,37,998,33,999,25,77,56,0,34
73,12,44,86,78,985,23,16,51,35,70,61,746,689,62,47,726,817,830,56
21,8,816,41,829,29,10,761,25,77,989,82,813,34,85,39,998,992,38,43
455,3,651,823,711,81,186,478,592,68,481,915,872,439,751,371,377,921,470,267
60,752,400,52,13,786,866,433,54,461,806,822,803,777,179,798,384,93,417,610
81,470,651,267,186,478,915,872,244,321,527,253,187,644,66,957,116,566,616,254
658,294,110,944,345,297,303,515,965,662,955,535,573,836,120,560,532,302,102,305
726,719,86,36,27,56,830,37,51,23,62,63,35,996,50,689,55,38,42,76
28,33,999,43,42,998,38,25,996,0,77,37,34,27,36,63,75,989,10,85
874,378,838,541,522,45,117,220,619,652,17,548,582,127,552,164,870,89,480,114
51,78,23,86,70,44,726,56,62,719,985,689,50,63,64,76,830,27,36,37
821,76,721,816,312,620,432,642,771,796,610,2,813,669,829,396,830,765,26,70
63,50,71,15,38,42,28,27,43,37,33,999,998,996,36,10,25,77,0,56
726,830,23,765,26,70,771,642,721,689,55,312,766,86,425,813,313,821,818,796
34,998,989,25,0,43,996,38,28,33,999,42,71,85,39,10,37,27,82,36
73,86,62,51,44,23,70,12,726,719,985,689,830,809,61,64,817,55,27,37
80,19,1,7,97,11,46,601,403,823,858,619,433,22,13,72,311,14,458,753
11,7,79,19,601,1,858,46,97,403,706,823,311,13,14,58,22,421,95,433
68,267,651,131,244,957,187,470,253,644,66,915,191,478,884,476,216,186,321,527
989,34,992,77,85,83,26,39,0,998,92,25,313,996,28,42,33,999,71,43
36,82,996,34,77,998,63,42,43,38,989,25,10,71,27,26,28,33,999,92
7,421,66,807,157,130,812,795,380,721,814,358,921,592,203,359,193,179,178,819
989,313,77,34,0,998,25,996,42,43,38,71,28,82,33,999,10,39,37,26
70,62,726,55,830,73,689,809,719,765,78,23,51,817,76,12,985,44,540,818
426,52,866,851,818,783,443,48,692,997,54,425,393,826,809,414,669,991,765,806
276,229,703,198,213,289,207,538,156,153,750,262,188,272,901,159,894,241,636,282
155,207,114,367,241,164,153,975,291,901,236,210,140,324,283,621,233,282,343,235
116,728,284,232,759,360,405,246,475,873,498,789,546,355,457,536,595,224,336,841
842,408,785,49,869,603,848,445,635,411,630,729,447,407,686,734,615,599,427,470
992,82,26,83,85,313,989,34,766,761,813,77,54,996,36,396,10,0,998,63
988,313,85,37,989,0,56,27,43,38,813,42,996,77,998,999,26,33,28,34
48,18,986,746,87,64,993,747,398,540,393,12,47,92,725,827,426,875,425,610
652,45,197,922,11,884,541,186,81,131,939,915,122,162,781,938,3,7,815,706
46,78,1,41,80,73,421,11,721,86,51,765,47,44,809,64,76,540,74,378
458,144,826,403,454,991,448,414,22,449,614,409,734,433,4,997,724,628,762,753
9,59,558,469,869,655,411,91,833,640,748,615,447,842,875,542,520,857,601,551
119,228,760,913,507,274,364,696,974,264,882,269,698,908,976,570,209,245,103,293
108,559,128,845,701,152,553,886,528,173,491,539,577,572,698,309,520,504,839,139
902,212,914,904,288,906,265,815,956,200,287,961,957,231,234,781,884,939,205,527
881,381,121,341,563,345,532,303,346,942,342,314,525,133,535,110,493,300,510,294
696,913,890,228,882,570,507,976,245,119,99,209,293,964,364,908,255,876,978,760
974,916,964,976,245,876,617,293,255,760,740,984,882,972,962,963,908,926,264,913
168,242,139,910,623,154,126,896,570,507,890,261,364,913,760,202,757,661,698,978
293,194,264,174,976,245,882,697,255,617,964,876,972,978,963,661,962,280,243,507
863,595,132,382,375,232,345,555,584,881,581,520,519,428,254,110,361,57,102,367
152,701,139,559,128,682,553,119,99,228,656,364,100,177,845,654,539,148,143,570
554,515,513,297,512,514,662,511,551,516,658,110,584,549,680,150,571,69,294,120
515,511,512,473,680,662,297,514,658,551,509,516,532,513,69,554,120,520,102,535
220,247,347,249,133,492,240,321,846,113,756,203,840,327,57,215,921,381,931,355
894,687,198,891,901,177,262,703,259,276,272,213,890,153,241,672,250,623,273,229
846,368,111,380,837,178,248,183,247,386,390,358,474,373,141,788,347,385,782,388
283,235,236,207,155,282,206,140,223,222,241,233,272,268,256,336,153,89,636,225
787,709,544,695,920,775,898,919,708,852,486,700,296,647,487,677,970,887,933,699
90,759,284,163,498,232,728,57,336,135,651,267,500,308,527,224,405,595,519,547
541,308,619,45,440,135,977,652,823,3,463,751,31,477,435,621,874,481,939,522
980,840,510,492,249,730,175,881,215,756,251,341,493,327,277,587,567,579,529,942
99,228,507,913,274,364,760,209,269,698,139,264,103,696,908,570,106,974,882,194
505,680,515,512,514,551,584,346,382,554,513,473,110,549,504,555,520,509,581,297
102,133,346,342,535,473,521,493,525,382,581,509,883,110,658,504,361,675,341,120
216,211,320,253,244,334,187,439,319,321,197,131,939,267,186,422,957,371,162,815
466,862,476,371,676,641,335,635,622,416,860,439,686,634,848,253,216,338,407,802
907,650,839,916,104,959,899,617,171,962,740,972,255,974,290,926,501,767,598,876
979,271,671,221,217,482,672,237,621,324,483,895,219,870,308,135,489,182,905,843
918,757,893,910,890,978,269,275,209,623,697,507,913,174,242,661,896,259,570,274
221,317,556,552,169,548,895,480,219,838,135,129,177,180,155,378,528,522,148,196
119,99,228,886,108,364,139,760,570,317,698,741,737,152,261,202,682,105,280,507
696,893,978,890,126,103,226,570,741,670,364,908,623,913,507,274,228,243,910,194
921,373,157,203,240,57,347,247,215,151,84,321,861,220,575,380,66,319,189,651
253,216,884,320,244,957,81,319,267,187,122,961,211,922,197,200,527,334,476,644
508,528,681,172,148,863,250,361,154,483,271,177,105,559,209,204,539,292,509,701
121,382,346,247,254,493,102,57,345,581,342,203,321,341,496,658,355,240,120,519
690,737,489,843,135,139,103,168,890,623,687,112,740,977,910,718,570,926,105,741
125,308,524,134,155,219,435,343,336,217,489,687,169,843,527,781,957,902,522,584
583,552,522,24,940,524,169,584,870,308,480,148,557,180,221,917,560,125,621,539
343,884,217,904,652,957,621,212,221,288,45,815,902,219,772,267,906,197,961,956
533,685,318,684,243,741,194,572,275,570,280,903,106,835,274,143,269,660,507,258
570,741,105,168,507,364,760,913,119,740,228,99,974,104,908,926,984,103,242,770
256,975,236,291,235,206,283,282,225,233,241,223,208,145,222,272,252,153,268,147
189,381,356,837,339,587,390,102,534,585,332,499,118,846,348,366,113,834,579,146
757,929,661,896,899,978,697,242,126,263,960,194,174,226,275,269,741,660,893,570
572,845,701,553,680,570,741,177,514,512,516,138,556,681,559,148,497,539,511,280
458,454,762,449,774,448,991,780,826,734,614,729,97,602,4,414,446,724,22,433
159,233,291,252,975,140,147,241,236,256,923,223,156,892,285,206,225,208,235,901
339,322,189,980,502,840,323,165,53,666,118,141,429,801,611,385,791,310,475,327
241,892,233,291,975,252,199,901,285,145,159,236,140,153,282,229,206,256,188,213
180,169,483,917,701,271,139,979,177,239,143,681,918,250,132,152,170,539,672,528
734,625,915,457,436,470,441,603,644,409,91,185,599,186,729,872,747,454,635,449
535,294,120,658,883,121,525,133,297,109,382,662,110,521,584,493,504,955,865,303
651,477,500,344,921,247,240,860,711,130,232,254,57,481,861,116,66,850,862,595
570,701,516,741,511,364,507,139,274,177,180,226,553,209,893,108,556,228,269,512
282,241,272,901,276,222,283,894,291,233,182,198,975,268,207,213,636,703,235,140
292,261,316,984,501,202,741,242,238,281,570,105,258,264,280,194,760,845,908,263
901,241,114,213,233,272,153,222,687,89,291,207,975,268,198,282,276,897,894,636
159,145,158,892,252,939,751,162,285,233,147,199,181,975,291,31,186,140,197,759
328,373,380,130,203,859,921,193,744,807,371,347,178,57,688,84,377,474,814,846
751,156,162,186,159,252,145,892,867,384,455,181,673,915,285,457,939,31,784,798
145,156,892,252,147,285,233,199,291,975,241,901,188,140,923,229,236,256,223,213
370,713,595,367,382,346,674,581,178,203,330,336,270,57,107,538,224,244,347,207
214,164,188,207,155,229,199,213,198,89,276,285,336,523,703,901,897,252,367,114
751,197,939,186,915,156,815,781,922,145,158,961,957,527,422,457,439,265,267,287
116,135,616,186,547,527,781,435,939,957,134,162,353,337,489,197,68,308,843,267
229,199,188,89,155,285,207,892,901,213,214,147,161,114,252,276,241,233,923,159
840,980,475,118,355,801,666,189,799,758,492,146,339,325,846,249,611,430,585,873
924,506,251,227,730,326,531,576,678,567,176,484,579,568,586,942,900,277,931,569
204,238,292,316,257,550,650,501,958,428,154,281,301,982,661,105,261,503,172,176
910,105,139,890,623,926,896,126,661,242,507,103,682,718,570,263,913,760,209,670
917,170,148,979,910,289,271,196,918,483,126,180,177,735,672,623,250,891,168,552
917,169,910,271,289,168,958,718,250,239,735,684,126,918,612,209,979,750,890,483
899,962,978,617,661,972,194,255,960,263,293,976,908,106,261,882,245,264,290,964
698,105,238,204,154,209,242,119,770,682,274,656,681,316,292,168,281,660,132,528
577,100,582,874,541,701,560,558,838,555,509,553,350,342,440,530,532,108,279,361
697,929,106,893,275,245,293,882,964,661,908,976,978,876,269,264,507,255,194,226
730,534,529,587,567,506,521,580,576,531,314,942,496,579,575,227,569,568,365,510
277,568,496,257,530,251,982,550,326,900,730,167,238,215,204,316,365,166,491,484
259,891,890,701,209,570,250,741,623,126,903,757,139,364,226,893,269,242,112,572
57,203,347,688,373,160,921,371,862,807,157,846,193,711,336,113,359,367,380,133
471,786,814,60,400,54,13,744,359,761,67,52,92,384,806,812,32,610,776,866
148,152,483,701,539,177,516,584,169,551,143,511,559,512,680,271,250,672,514,681
236,145,223,939,140,156,224,330,923,759,284,751,159,45,206,31,225,197,252,114
283,272,273,282,237,636,235,153,222,483,672,482,671,276,894,703,268,250,979,259
369,386,389,333,479,349,390,846,195,332,379,184,113,299,366,710,585,296,565,852
352,388,700,348,296,710,912,304,966,702,898,379,564,306,479,544,973,716,573,315
441,216,625,915,649,841,122,599,815,212,211,101,457,470,149,436,334,191,416,200
751,162,915,439,158,457,197,455,68,939,156,30,66,122,377,867,81,163,441,798
334,321,253,476,122,319,216,211,244,320,131,338,248,371,860,81,478,254,331,921
199,229,285,892,252,213,901,147,233,241,164,268,276,159,291,975,153,198,272,282
846,347,141,871,249,840,146,492,373,366,339,375,118,499,980,165,575,381,157,203
991,692,417,614,448,414,393,725,399,997,409,468,449,458,783,425,753,397,822,826
335,625,470,644,441,665,653,476,434,599,466,588,81,408,663,628,450,769,454,187
707,428,805,504,659,980,789,982,503,361,300,118,637,405,581,301,475,318,490,528
373,203,744,347,214,157,57,164,439,178,422,240,367,377,161,786,923,156,147,455
106,264,293,245,255,978,882,976,617,972,280,876,962,963,908,964,741,258,913,174
349,379,369,389,585,479,348,327,299,840,579,184,534,385,499,846,586,306,390,304
250,273,684,259,891,483,271,289,750,126,903,533,623,177,636,209,917,770,910,169
939,922,162,815,781,957,267,961,902,212,265,884,904,244,751,915,288,287,527,210
703,894,276,262,272,153,112,213,687,891,207,901,241,282,250,177,273,259,182,229
892,285,188,229,901,252,147,241,233,291,975,213,268,153,159,282,276,222,272,164
914,265,956,288,234,904,231,815,902,287,205,961,906,212,101,266,218,781,211,957
286,983,546,284,498,360,268,552,909,323,674,759,196,524,235,621,17,636,182,671
242,978,261,263,281,264,913,290,908,280,194,507,882,760,293,741,245,106,976,876
57,373,367,247,214,240,215,321,133,347,756,254,921,193,178,157,249,207,581,358
167,238,292,316,257,172,154,550,281,242,501,105,277,958,428,650,896,503,301,982
218,772,905,234,906,914,266,208,231,265,482,256,904,288,287,902,237,230,225,200
283,225,223,222,140,256,282,235,208,291,233,975,268,236,241,252,272,270,153,114
276,282,272,213,153,703,114,268,222,198,636,241,894,901,155,283,367,89,182,273
256,225,266,205,218,905,287,291,235,234,283,210,265,772,230,482,975,906,914,233
269,259,274,275,890,903,507,364,533,174,119,126,243,893,697,99,239,273,913,228
208,256,218,266,205,287,265,225,772,905,781,914,231,234,217,938,288,906,140,291
244,216,122,200,210,267,319,321,914,288,320,265,815,101,212,253,922,187,957,234
956,815,101,902,914,884,961,957,265,288,200,904,906,781,231,234,939,938,205,287
276,268,241,901,282,229,272,222,233,703,198,207,199,153,252,283,188,155,291,285
161,164,203,188,367,199,229,57,285,207,213,193,892,252,359,114,358,336,435,89
756,247,277,730,510,176,568,942,496,575,567,240,531,530,251,492,57,365,587,580
244,211,122,320,319,253,200,267,131,957,101,288,914,922,187,334,961,212,321,265
219,218,231,230,772,234,205,905,906,125,210,938,237,904,902,266,221,895,288,914
905,205,231,906,266,772,208,234,265,230,902,256,781,287,288,914,904,219,225,210
217,231,895,938,218,905,230,906,237,221,266,234,205,772,482,902,904,208,125,343
111,343,89,57,254,367,870,838,137,221,874,378,480,240,321,267,320,651,247,336
895,219,621,237,125,979,482,230,905,217,672,218,671,772,283,231,938,235,906,343
282,272,283,241,153,901,206,268,276,213,225,273,235,291,233,182,894,140,270,636
206,140,256,225,208,291,283,235,233,252,145,975,224,114,236,282,266,222,241,147
223,284,235,140,225,287,206,208,114,256,283,759,236,233,145,266,291,330,288,210
208,256,206,283,975,266,230,291,140,222,223,218,205,233,235,772,282,236,905,210
929,507,741,908,893,913,274,903,570,174,245,882,293,269,978,364,243,106,896,964
506,924,586,166,678,576,299,730,587,531,251,567,326,579,484,942,569,568,349,175
99,364,119,913,290,760,507,882,274,976,696,617,974,103,978,293,972,255,908,245
188,199,285,213,901,892,276,241,268,252,147,164,282,153,975,272,233,703,198,894
218,237,905,225,208,205,266,219,231,217,772,975,256,482,291,234,906,283,672,235
906,234,218,905,205,902,266,904,914,265,219,781,956,772,200,288,938,208,230,287
519,651,728,595,90,759,711,375,116,246,439,566,267,107,524,616,862,383,382,457
291,241,975,252,256,145,147,282,901,235,140,153,199,213,272,283,268,208,285,222
231,205,906,914,904,265,218,905,288,266,772,208,902,200,956,256,287,482,938,101
283,256,140,208,233,282,291,266,206,237,182,222,241,482,218,268,272,225,205,772
140,241,291,975,114,256,147,225,282,283,145,233,206,153,235,272,223,222,230,252
482,230,182,205,266,235,283,905,772,218,208,219,979,231,234,256,225,498,221,672
281,204,167,316,292,501,154,261,661,258,263,960,899,264,202,172,280,978,926,242
918,735,269,275,684,274,209,903,533,174,612,259,893,929,697,507,126,243,908,661
247,215,756,530,57,492,496,581,203,277,346,568,176,254,361,133,575,362,921,651
901,291,282,233,975,153,222,283,272,147,268,276,213,199,140,894,252,235,229,236
202,507,570,269,913,274,908,105,896,741,661,364,226,261,978,893,757,263,290,280
274,269,533,275,106,903,280,685,507,660,364,194,264,226,209,202,228,770,174,263
216,211,267,319,122,200,922,957,320,197,131,210,914,287,212,321,101,253,288,265
293,964,876,976,882,255,963,617,972,974,962,908,106,174,264,104,194,913,697,978
728,616,237,527,287,482,905,205,230,218,266,232,231,906,288,772,90,902,904,489
756,215,249,254,240,321,575,57,133,203,651,921,730,368,365,496,493,580,474,248
331,782,861,321,871,187,476,371,247,860,368,877,981,474,328,334,846,325,380,338
840,247,492,118,575,327,756,493,215,355,585,510,881,381,730,102,365,567,341,375
891,273,672,890,259,894,209,979,483,177,271,289,623,196,903,918,636,917,750,103
924,506,166,730,900,518,176,277,568,227,307,510,257,326,942,567,215,576,316,238
892,285,233,199,145,291,147,975,241,159,901,256,213,140,188,206,223,282,153,229
334,320,131,122,187,216,319,476,338,211,244,644,957,81,441,961,439,267,956,68
247,321,57,133,319,355,346,244,500,581,496,651,203,211,216,240,267,187,530,125
876,964,617,976,972,293,963,962,245,882,974,106,264,194,916,908,104,913,960,697
208,291,975,225,140,266,235,233,205,206,218,283,210,905,223,287,265,282,772,234
900,167,204,550,503,326,277,176,316,238,292,301,484,568,172,154,281,251,501,258
264,280,194,106,984,974,293,960,976,263,661,978,882,261,255,760,202,908,245,617
209,903,269,275,891,890,226,274,533,262,507,177,929,750,273,250,757,364,174,126
699,487,705,947,889,695,952,911,951,708,932,936,887,934,775,919,935,933,946,278
281,501,202,264,976,974,293,963,876,255,245,280,194,617,960,154,962,882,171,104
703,259,273,722,894,198,272,891,903,209,276,282,269,274,750,222,226,533,364,250
661,264,280,202,978,899,960,908,290,171,194,913,106,617,760,974,926,261,896,258
280,106,194,293,258,976,974,245,255,882,876,908,617,964,263,261,760,963,913,972
288,914,234,906,815,904,902,205,200,218,231,956,781,905,266,287,208,256,772,961
208,218,205,772,287,905,231,256,914,234,225,265,906,482,235,237,902,230,781,210
244,957,939,197,902,81,815,210,527,922,781,211,904,231,216,906,884,217,288,218
282,213,222,241,272,901,283,276,153,233,291,235,199,703,975,206,140,207,229,894
274,275,209,903,507,243,533,259,174,893,929,913,697,242,226,364,239,106,908,757
222,206,213,283,276,272,282,268,182,225,703,235,198,636,262,153,241,114,273,140
250,170,979,125,483,289,196,917,168,672,148,209,105,671,890,273,182,242,750,572
282,222,153,276,283,241,901,703,273,268,894,182,636,262,213,198,207,233,235,140
672,250,262,272,259,483,636,209,182,979,894,282,283,891,222,703,903,750,269,671
269,243,507,533,903,275,209,364,226,106,174,913,893,908,660,570,242,280,119,228
269,174,697,274,243,209,893,903,106,280,507,533,929,259,978,194,264,661,908,913
703,213,198,272,282,153,241,901,894,207,268,222,229,262,233,283,182,273,199,291
568,176,496,215,257,730,251,530,982,204,326,900,167,756,365,341,491,510,238,567
716,928,935,933,717,936,705,947,487,715,919,934,969,911,260,948,937,951,699,887
578,577,405,318,612,557,309,572,650,958,341,100,839,539,680,503,350,301,551,143
264,258,194,106,263,243,908,960,760,507,275,202,978,261,293,661,974,274,174,245
261,202,238,908,264,501,882,978,242,913,245,976,974,963,316,280,293,876,263,617
272,283,222,153,241,901,268,276,291,182,233,213,273,140,235,206,703,207,894,636
282,222,235,241,206,272,153,225,140,182,208,268,256,273,291,636,237,233,901,482
759,224,498,235,546,287,283,266,114,330,286,140,101,636,671,182,649,841,208,116
892,199,188,252,229,233,147,901,159,241,213,291,975,145,268,923,282,272,153,155
201,983,323,498,284,235,268,182,283,140,206,636,266,208,114,282,256,222,273,914
266,288,914,208,781,265,205,218,902,256,905,904,200,772,906,231,210,234,101,815
265,914,904,287,234,906,956,205,815,200,902,961,101,218,772,231,905,212,781,266
636,891,750,250,170,271,483,623,894,196,273,917,272,671,672,153,910,182,979,169
760,228,913,202,263,617,962,882,976,507,293,661,245,908,171,899,974,194,972,978
975,233,241,256,140,901,208,282,145,147,225,252,235,153,283,222,199,268,206,236
316,154,501,238,261,167,204,258,301,280,264,984,263,202,281,242,661,105,194,960
245,876,964,255,976,882,617,963,972,962,106,264,974,194,697,174,104,908,913,978
955,658,950,303,305,573,715,69,683,927,954,302,486,525,297,944,717,535,345,561
390,315,919,948,679,934,487,970,949,710,945,278,967,933,928,775,932,947,699,296
700,948,934,919,315,970,304,787,933,945,298,967,278,679,928,966,352,717,487,935
109,658,110,513,294,515,511,516,512,514,554,69,662,120,551,520,944,680,473,955
677,953,836,966,951,573,936,911,787,934,305,919,296,887,898,709,302,715,971,970
586,349,389,576,973,579,227,306,531,379,678,304,506,333,567,569,702,587,942,924
881,102,381,192,942,121,563,175,107,314,567,493,348,510,485,303,531,504,342,249
501,660,258,292,280,598,886,154,654,261,984,264,202,194,243,835,770,760,281,316
305,945,315,573,948,561,954,965,970,967,919,486,836,966,679,934,927,953,935,717
573,944,955,836,302,561,702,945,569,305,683,294,965,315,966,564,563,954,298,306
315,967,945,679,700,949,948,970,935,937,296,973,966,933,919,787,561,544,647,302
302,954,927,486,948,561,928,717,573,919,955,934,278,945,715,965,679,887,933,967
702,973,348,379,945,569,561,304,544,315,525,565,700,683,678,349,388,586,573,296
251,506,900,503,518,316,326,924,176,982,167,238,292,568,166,484,227,501,959,350
289,977,759,125,546,621,636,843,671,45,135,552,221,522,870,541,672,272,979,939
654,660,670,685,301,598,318,533,263,958,243,684,835,612,171,239,126,269,275,770
429,437,694,502,639,613,629,763,452,605,413,611,987,53,791,854,415,844,853,597
640,615,601,602,588,663,444,603,458,842,727,994,4,665,22,653,729,454,449,628
771,796,642,766,721,610,76,425,813,726,830,26,432,92,765,669,866,806,761,467
85,989,996,26,27,37,77,34,38,10,42,0,998,813,25,43,36,63,71,56
569,567,942,563,579,531,532,529,881,576,564,521,510,730,587,790,574,303,493,506
945,967,948,304,679,966,970,919,935,302,949,700,933,953,934,487,928,561,937,717
292,154,501,261,238,281,984,900,167,204,258,202,974,617,264,194,104,255,171,916
696,129,103,741,570,105,202,978,913,908,261,364,228,670,194,882,242,760,264,963
138,309,684,301,654,660,572,533,685,835,196,598,845,142,612,143,501,275,243,194
216,244,320,321,211,334,253,122,476,187,131,254,267,422,922,957,961,81,371,57
216,253,956,122,319,961,334,957,244,212,131,211,815,200,267,884,187,265,101,288
187,254,319,247,211,248,244,122,216,57,267,203,331,476,334,133,860,320,474,210
323,983,146,286,201,53,502,649,475,360,17,429,605,707,284,873,841,355,374,310
322,286,983,201,284,146,649,360,909,53,498,224,17,114,330,268,674,355,235,223
489,979,125,671,672,483,271,498,482,89,917,595,170,843,250,237,343,219,148,101
788,368,981,476,860,371,474,187,495,321,248,840,247,380,249,254,331,921,877,385
484,900,568,494,503,257,362,506,176,277,365,166,227,496,942,530,531,563,316,204
840,249,118,195,215,247,575,756,730,492,385,355,579,510,203,325,921,111,57,881
380,859,157,371,248,861,852,331,782,860,471,373,877,476,358,368,744,338,334,439
488,754,792,442,459,824,618,648,609,608,462,773,394,797,401,626,837,800,779,825
284,224,181,223,759,347,841,206,114,832,45,360,546,140,145,235,283,225,286,336
248,782,321,860,187,476,368,861,371,474,328,247,871,846,325,479,981,877,334,319
386,790,565,534,587,575,580,306,579,389,585,499,586,544,349,369,973,299,348,702
586,389,349,299,790,579,973,587,576,304,499,564,227,332,931,544,183,531,386,569
253,187,122,320,476,319,338,216,211,244,321,478,441,131,644,248,371,861,81,267
191,476,622,665,466,408,123,625,427,470,454,434,860,653,441,644,842,418,663,628
114,435,524,367,155,382,210,135,584,759,519,89,207,674,581,236,284,224,57,283
246,135,163,383,284,387,616,336,287,224,435,155,897,90,657,745,116,693,500,759
334,253,187,476,860,877,371,981,861,248,441,676,320,122,340,778,123,380,724,331
146,189,141,195,366,165,356,666,840,118,846,980,369,327,322,385,837,183,499,871
371,338,380,877,860,368,859,393,123,807,325,688,359,372,868,867,398,732,981,468
496,102,568,510,277,346,490,497,532,473,730,530,365,491,133,563,176,504,509,121
361,560,530,346,581,509,496,121,102,473,345,532,563,493,57,504,529,133,382,568
219,287,137,217,902,781,45,895,210,221,266,200,938,957,267,904,939,218,884,231
651,595,546,232,671,463,308,759,594,324,440,151,45,833,405,541,728,482,254,874
658,102,944,563,496,294,342,881,532,69,530,133,485,303,571,968,381,515,955,121
581,493,361,509,473,342,121,133,496,505,530,382,102,504,491,355,120,341,240,254
203,330,178,193,189,373,57,111,862,367,878,871,492,240,711,355,370,114,157,375
306,702,184,379,564,569,565,534,973,525,388,303,579,544,352,945,304,561,102,836
299,586,389,579,534,587,973,379,585,306,576,678,479,565,227,569,531,195,333,702
530,428,509,581,496,547,491,503,473,568,363,532,680,582,505,959,105,204,863,346
370,463,865,17,160,713,382,832,136,330,577,607,528,526,522,361,583,100,270,557
296,700,966,304,315,945,184,544,898,836,928,715,717,948,716,573,967,953,679,965
495,163,134,350,474,582,478,68,187,480,542,616,325,547,860,706,131,116,977,117
469,383,714,606,848,536,407,745,641,91,599,686,789,519,566,543,850,49,232,631
581,492,475,346,254,382,367,249,840,17,133,341,789,983,504,361,674,57,493,980
390,141,837,339,366,386,846,189,332,585,295,381,183,852,296,499,587,479,800,790
376,662,578,110,515,121,543,382,519,658,120,549,863,485,581,69,532,551,107,512
203,369,380,372,859,214,386,373,368,846,756,328,921,388,184,113,157,193,247,84
786,673,471,384,812,214,158,814,179,161,784,203,178,807,193,312,866,188,867,377
728,649,284,841,90,286,201,224,759,330,873,789,498,181,595,116,53,594,878,747
530,509,342,473,346,532,504,496,581,132,568,563,863,491,560,490,942,521,493,529
326,494,530,484,531,568,900,532,942,563,277,941,361,365,257,496,579,176,166,550
845,491,281,497,490,518,261,572,501,509,473,238,143,741,154,202,242,553,280,316
228,507,274,243,570,209,269,741,99,226,242,119,533,913,194,280,760,202,139,903
568,496,326,531,575,277,176,942,580,175,530,215,563,247,587,341,362,730,506,484
852,479,846,585,386,369,710,544,189,249,587,296,373,390,534,332,184,575,388,871
674,207,89,57,114,203,132,336,182,581,282,355,153,897,283,210,214,584,636,272
474,325,247,788,782,380,248,756,254,860,981,371,321,331,859,187,215,877,57,479
386,183,479,195,565,379,349,389,184,710,299,358,366,332,296,390,846,115,304,544
713,160,367,674,538,347,207,351,114,214,346,270,224,382,595,548,581,361,878,789
860,380,476,877,187,981,248,325,439,328,338,122,123,321,340,861,862,334,368,921
358,921,150,203,380,369,178,340,878,385,386,807,675,788,157,846,688,529,859,359
203,157,130,193,852,386,575,744,57,347,474,178,215,846,247,240,189,366,921,358
120,382,336,505,376,346,116,355,662,284,789,133,649,983,357,150,713,475,832,90
232,107,249,382,871,367,519,595,492,189,347,355,132,373,430,840,575,203,365,160
357,404,662,382,548,539,519,789,120,557,584,581,551,555,549,121,336,863,943,524
798,455,186,803,40,812,793,426,461,158,400,786,688,457,866,384,711,794,66,156
838,874,72,24,220,127,870,480,552,17,528,136,505,560,583,221,317,117,584,541
306,973,702,349,348,479,565,184,296,299,389,930,195,683,304,586,585,949,388,352
859,328,371,157,368,358,877,248,981,921,861,860,325,782,807,476,340,113,203,338
881,102,303,345,544,573,300,545,314,249,352,942,836,534,658,388,298,294,955,341
519,133,346,120,336,121,355,584,581,376,110,342,107,658,549,863,375,345,509,254
745,804,714,606,801,848,91,712,30,354,711,232,424,841,747,873,407,630,789,457
784,786,54,798,866,432,158,673,60,812,400,52,761,92,359,13,806,312,620,472
840,846,195,249,348,327,325,386,390,369,380,184,366,585,788,534,113,479,877,183
369,332,544,183,852,115,184,790,306,373,565,366,585,479,710,388,587,296,534,390
693,867,868,804,872,383,163,337,785,472,822,688,411,49,759,40,402,417,851,745
184,298,596,306,564,296,573,352,702,836,965,710,544,912,348,700,569,898,966,677
349,299,973,586,565,304,306,333,379,579,479,790,678,702,585,534,529,195,499,569
295,296,479,379,184,369,386,837,348,195,183,388,700,356,716,352,349,304,278,710
645,409,686,635,392,395,393,802,667,641,778,777,18,457,398,669,712,424,606,438
777,669,776,645,391,811,432,866,794,818,812,460,409,426,395,732,847,692,451,667
614,409,398,826,725,414,190,468,991,397,399,778,817,412,993,783,87,997,454,448
824,459,825,462,720,618,451,609,773,648,608,794,410,626,792,329,624,754,442,811
409,667,645,635,785,402,391,445,848,747,777,420,91,562,739,643,426,851,393,630
83,765,764,82,92,830,992,26,989,36,34,55,818,77,35,761,766,39,809,85
414,614,991,399,725,997,393,783,412,778,448,826,409,398,190,828,403,724,468,851
393,725,425,399,614,397,669,426,817,826,778,409,48,993,997,610,866,414,783,851
614,725,997,991,397,190,393,425,398,414,778,468,448,433,692,5,822,783,409,851
13,67,52,798,866,60,5,610,433,54,786,384,793,179,997,752,377,822,19,472
608,855,410,459,879,824,462,452,329,792,394,424,800,791,607,878,801,430,873,618
468,409,599,842,635,49,454,663,427,640,665,395,706,470,785,408,625,393,588,97
97,997,414,826,409,614,991,458,22,397,144,19,454,915,448,468,412,783,393,872
376,524,539,548,557,519,832,116,789,581,382,350,526,559,135,555,943,551,522,336
728,170,805,707,612,90,428,463,546,789,917,116,595,833,767,309,279,440,483,547
743,749,542,810,16,562,655,547,833,630,402,748,395,869,993,465,643,593,40,468
606,641,408,49,686,785,599,635,445,869,842,91,848,30,424,427,841,857,747,383
842,91,625,599,606,641,407,622,466,869,785,445,427,49,436,686,635,438,769,588
826,393,614,414,448,851,991,454,468,190,997,417,734,822,397,645,449,391,402,395
452,853,791,462,413,824,608,459,401,639,629,820,394,597,758,611,879,694,437,502
470,872,91,785,869,868,842,711,833,630,49,468,663,615,68,441,408,640,232,402
414,991,826,614,448,393,397,778,725,997,783,724,753,417,409,434,441,190,403,468
437,629,987,639,452,844,694,853,611,631,597,410,429,738,460,613,53,415,605,310
991,614,997,826,448,397,725,412,417,783,851,190,393,409,458,433,425,822,399,753
613,664,668,639,605,844,437,429,631,629,502,987,536,694,413,597,611,637,879,310
436,466,599,625,445,802,848,915,449,409,434,641,30,441,686,438,850,457,798,606
448,991,414,190,449,734,614,826,997,692,436,409,822,454,777,851,783,444,753,458
653,588,446,450,622,994,449,727,774,628,780,4,769,724,990,427,434,436,665,625
848,465,747,456,562,438,447,987,91,49,630,728,856,857,599,149,869,606,536,58
686,445,599,635,423,641,848,438,395,734,802,691,856,604,785,416,606,436,625,603
84,921,478,481,66,130,11,819,157,178,380,220,859,860,619,861,371,80,795,814
197,162,439,751,320,267,256,122,319,939,200,922,145,216,287,210,265,244,815,224
461,420,451,856,424,794,878,667,803,686,733,712,590,460,801,635,688,606,631,395
801,606,856,841,407,383,686,641,423,878,848,629,738,611,391,631,635,712,408,597
725,997,610,766,783,866,398,312,399,55,54,414,806,92,988,818,991,87,796,76
669,866,87,443,851,783,818,997,610,826,425,821,398,692,777,52,725,409,48,312
729,446,842,449,418,622,454,785,588,635,408,603,144,686,994,641,734,450,4,663
167,204,982,172,301,767,650,192,170,168,350,958,550,863,105,718,659,491,707,238
310,437,613,639,694,502,629,987,415,452,413,605,611,791,844,53,664,763,853,668
232,375,382,357,595,107,383,376,711,192,165,755,90,519,879,385,337,566,121,805
823,593,463,833,805,655,582,58,594,562,383,630,405,3,857,477,481,711,834,40
796,620,821,312,467,92,26,811,866,816,771,761,54,384,642,76,766,813,827,818
822,997,13,991,614,414,448,458,425,22,5,144,826,52,851,399,798,54,97,454
450,441,769,653,628,436,622,724,449,753,448,446,588,454,625,418,4,644,780,994
336,155,135,114,524,224,159,197,156,233,145,252,897,164,939,89,45,751,674,161
416,445,434,441,625,599,449,418,446,450,769,417,466,588,622,448,635,408,470,454
629,429,413,611,987,694,844,310,613,639,415,631,502,597,452,605,53,668,791,848
445,729,603,622,848,686,635,734,769,641,436,625,842,599,416,408,91,588,466,446
122,186,162,422,197,939,371,751,457,232,216,915,253,441,267,320,131,187,416,862
839,463,874,547,541,594,917,170,910,958,169,308,833,805,405,735,117,907,344,718
434,644,450,436,625,653,470,769,418,191,446,724,753,628,449,990,185,416,622,448
648,797,754,488,824,626,329,609,792,459,462,618,394,773,723,779,825,855,633,608
692,783,997,851,426,866,669,87,777,425,614,818,991,54,414,190,796,725,828,417
753,458,22,628,449,4,588,774,448,724,780,446,615,727,417,990,450,653,434,994
599,686,635,436,588,625,438,641,603,842,769,446,734,615,622,418,408,91,416,434
449,418,588,994,774,727,450,780,4,653,622,427,454,628,434,724,458,448,436,729
91,748,875,465,562,842,869,603,49,408,640,18,747,615,785,419,655,630,729,856
991,724,614,449,458,414,454,417,753,826,628,774,190,450,144,780,434,822,22,409
446,454,588,458,448,450,628,418,653,144,994,434,729,780,762,724,622,774,427,22
653,434,628,724,418,769,994,780,774,622,449,588,727,4,446,441,454,990,448,665
794,811,812,467,423,720,394,667,643,688,878,620,669,776,807,392,746,712,801,432
410,853,413,791,694,639,629,429,437,611,502,310,987,613,763,462,666,597,758,879
26,813,76,467,689,746,830,642,827,313,989,731,85,726,82,34,765,55,77,809
449,448,458,588,628,450,144,663,724,446,774,734,434,653,614,409,427,665,780,622
186,751,66,377,711,158,915,795,619,872,798,439,162,481,5,156,197,457,828,159
419,848,438,615,465,91,728,738,599,625,850,445,630,603,734,416,844,149,447,987
751,186,30,162,149,657,915,798,416,439,850,181,803,939,728,156,759,232,158,185
449,448,144,454,22,753,762,724,780,991,444,774,4,628,614,446,414,97,663,588
824,462,394,825,754,618,608,792,609,648,410,329,720,442,401,624,855,773,488,797
847,803,461,802,712,794,413,392,631,597,811,738,844,732,848,853,777,423,395,451
803,752,794,847,811,667,423,460,67,798,377,777,712,856,631,802,848,850,686,457
824,459,792,394,410,754,609,608,648,720,633,773,618,825,442,452,329,723,488,758
594,440,405,344,805,833,196,431,823,289,522,117,541,612,546,595,707,309,3,674
848,407,711,635,123,606,641,638,420,738,686,841,360,151,862,232,455,627,402,599
562,419,49,447,91,848,833,630,456,748,747,601,438,640,850,842,631,869,593,734
416,625,436,599,622,408,123,418,848,769,635,686,470,445,606,665,691,191,434,450
796,432,827,312,620,821,766,26,793,451,746,76,813,92,610,642,818,443,669,810
393,402,409,614,190,454,997,991,417,5,414,399,872,692,458,448,851,993,783,397
543,745,354,59,714,383,357,593,662,857,557,646,578,98,519,404,376,551,558,658
411,68,441,191,644,599,625,872,588,436,81,466,665,915,91,615,468,408,842,418
814,179,761,744,359,812,60,776,784,859,384,786,328,92,380,813,157,67,312,82
40,592,795,593,804,688,400,867,384,468,872,866,589,745,426,387,481,402,630,786
509,521,491,532,490,497,680,530,504,563,361,496,363,568,845,110,346,143,942,494
756,368,215,247,321,788,325,476,248,254,492,587,575,580,187,373,331,57,240,860
355,605,90,536,873,789,983,980,840,192,492,728,165,707,201,360,53,428,249,118
334,187,371,335,319,860,253,325,321,248,338,191,123,861,862,216,244,478,877,81
151,240,117,582,756,819,40,215,481,619,651,66,823,805,541,57,362,492,440,350
860,68,334,187,651,476,81,66,877,981,481,371,321,861,921,267,253,470,186,191
710,585,296,379,349,184,389,306,304,544,369,949,973,679,388,967,352,366,700,846
838,169,917,874,350,552,125,135,308,170,428,127,863,221,220,116,581,910,582,977
711,872,66,862,478,30,81,455,232,439,651,470,411,117,589,619,688,383,472,823
237,772,205,266,979,905,208,283,235,218,672,234,256,671,906,498,182,230,895,225
979,273,636,672,250,182,843,671,271,196,289,148,180,917,894,891,177,890,498,209
494,326,900,568,257,362,506,503,531,924,563,532,227,496,166,942,292,176,941,277
968,944,563,532,345,574,881,494,303,836,658,955,571,305,573,302,569,647,942,314
954,927,699,708,487,260,305,887,695,932,947,775,934,919,302,955,946,705,933,970
699,934,947,919,260,932,775,933,695,705,970,887,935,708,946,951,889,936,948,717
754,797,792,329,442,779,773,459,462,824,648,608,626,609,401,394,618,723,825,633
843,737,979,324,672,690,250,482,134,483,170,125,890,636,273,917,905,237,209,239
497,491,473,521,509,363,504,518,845,496,568,493,680,572,510,143,530,529,154,730
490,497,473,363,504,845,509,496,568,521,518,530,680,154,143,572,281,238,501,553
355,118,249,980,215,240,277,756,840,568,510,530,247,493,496,176,581,57,341,346
521,510,346,529,756,581,567,314,675,490,496,530,569,579,730,535,491,881,473,509
484,531,563,532,326,942,362,568,900,941,509,530,503,496,473,567,569,314,574,968
325,353,665,860,474,476,163,868,653,663,187,981,371,418,338,842,622,450,253,640
530,568,277,176,509,491,532,473,730,563,510,341,531,942,490,365,521,326,361,215
490,491,473,363,845,521,504,518,509,143,680,496,572,568,341,281,553,530,493,529
482,671,237,235,284,483,636,140,546,737,772,979,283,182,672,266,759,205,843,271
585,534,587,565,846,579,389,349,580,596,531,790,586,332,545,564,249,333,306,195
254,57,921,116,247,651,336,135,581,151,133,560,90,524,240,120,244,505,519,350
261,154,281,316,984,292,301,194,238,258,202,264,171,280,960,974,104,962,617,290
605,613,429,639,53,629,310,611,791,987,437,879,415,694,452,873,854,631,668,597
326,257,900,568,292,167,204,154,484,316,238,494,517,501,509,550,863,301,530,277
491,490,473,497,509,680,361,530,521,496,363,528,539,346,559,701,581,659,845,172
120,346,581,473,680,509,110,491,578,555,504,342,512,350,530,490,361,497,556,515
924,227,166,730,251,576,567,326,568,900,531,942,484,569,586,579,314,678,518,175
274,913,269,570,741,226,364,893,106,908,174,243,242,209,280,275,978,99,760,202
681,154,105,570,139,984,770,741,132,292,893,316,553,143,517,918,701,364,654,507
473,521,361,491,532,530,490,496,680,504,497,363,845,563,568,143,494,346,581,508
493,531,730,942,567,568,496,314,530,579,756,215,118,563,529,521,251,341,490,277
516,512,513,514,551,554,152,556,515,110,143,180,680,701,520,549,297,539,572,148
514,513,516,515,554,511,551,680,143,520,549,110,152,701,555,556,180,109,120,584
554,514,512,516,511,515,551,109,549,556,143,701,152,680,520,297,584,180,539,110
512,513,554,516,511,515,551,520,143,680,701,549,556,152,584,539,180,110,109,555
512,554,513,514,511,516,110,551,549,109,571,662,680,120,297,584,555,520,658,143
511,514,513,512,554,551,152,556,515,143,520,680,180,701,549,110,297,572,539,148
553,292,681,154,501,508,105,316,718,863,167,139,263,204,142,238,670,168,503,701
261,281,363,501,251,497,490,491,238,316,963,876,202,264,976,245,255,617,907,154
382,232,524,832,336,863,584,133,557,120,376,404,107,581,651,539,357,116,375,595
514,555,512,516,551,513,511,554,680,143,110,539,701,515,559,120,553,504,473,152
473,529,509,490,493,497,883,569,525,491,314,535,567,730,496,510,942,504,531,530
289,272,308,524,169,636,153,114,270,222,282,283,236,552,182,276,923,207,235,155
155,164,198,161,897,112,522,548,941,581,508,89,703,367,435,229,687,276,894,560
759,336,522,135,519,546,114,308,404,832,548,539,435,284,789,584,636,237,674,182
883,535,702,529,521,930,306,569,303,314,973,564,294,348,573,102,493,675,388,121
559,182,556,138,685,533,909,528,548,539,701,703,273,243,108,152,177,364,274,262
902,906,957,781,961,904,288,231,101,815,905,234,914,616,267,287,218,265,884,772
559,539,681,132,572,172,701,553,143,105,148,196,698,177,271,508,656,654,845,504
521,314,579,525,569,493,530,730,510,531,496,567,576,564,535,175,942,883,490,930
496,568,361,509,532,473,942,563,176,342,277,531,510,491,362,567,529,494,326,504
942,579,494,563,567,314,569,510,568,586,580,530,587,576,496,506,730,227,484,365
563,473,509,494,314,530,942,568,496,569,361,680,567,531,102,484,326,110,968,485
274,903,685,243,269,275,770,209,364,507,259,909,106,660,684,570,654,228,242,239
580,579,587,585,349,675,569,575,175,678,306,596,348,531,586,790,567,565,574,314
525,883,521,303,564,529,493,294,121,314,102,110,569,560,150,473,658,545,675,573
789,475,415,90,668,873,405,805,383,192,879,833,562,605,354,594,463,728,613,300
791,591,879,590,631,801,831,666,853,854,597,820,452,629,383,720,638,410,451,758
546,236,370,276,282,182,140,707,289,750,213,272,207,498,713,160,703,283,559,114
559,528,701,551,143,553,572,180,148,680,271,584,577,514,556,504,177,483,289,512
985,16,86,47,993,817,12,76,809,818,55,765,746,689,830,23,642,70,62,810
308,45,117,874,977,440,3,652,823,621,894,95,89,112,671,917,870,289,344,522
655,748,547,959,839,907,869,440,833,124,406,9,670,958,718,350,910,601,307,168
662,469,357,658,69,755,376,485,515,294,297,571,554,551,354,557,944,955,513,303
945,315,700,647,304,573,787,296,302,966,352,790,836,298,948,898,561,306,677,967
564,314,881,675,535,381,596,580,790,560,567,345,529,569,942,303,102,531,499,575
671,759,636,789,498,182,284,483,308,125,482,237,273,289,272,283,843,235,979,271
170,350,542,440,289,308,917,869,748,959,833,169,958,163,116,910,843,250,405,977
526,528,584,539,524,549,132,114,559,508,556,376,108,522,581,404,342,943,382,17
515,554,512,514,513,516,584,511,687,551,180,120,571,110,143,556,863,539,152,548
167,257,204,176,650,316,292,238,301,508,501,503,982,900,326,154,277,309,654,958
511,516,513,512,514,554,515,539,520,180,680,556,555,701,110,152,549,559,143,120
289,169,308,196,870,221,583,125,623,177,891,539,636,621,126,182,483,271,528,522
701,845,105,143,142,501,168,681,517,139,570,261,154,741,559,152,177,680,292,654
513,514,512,515,516,551,511,109,549,143,520,556,680,584,701,571,539,152,120,297
520,863,553,701,512,551,514,517,680,515,108,509,152,513,120,943,845,473,554,180
516,511,701,143,572,177,152,514,526,513,512,551,539,570,554,559,703,741,198,903
519,404,376,577,583,524,555,551,279,560,571,578,539,520,136,522,662,584,357,514
58,98,9,173,59,833,582,819,431,557,469,823,577,706,279,69,675,551,601,646
539,701,528,526,553,572,177,143,656,654,685,722,483,152,108,660,180,681,262,148
342,530,361,535,529,496,509,563,102,532,545,345,346,564,121,473,581,314,240,69
679,949,967,683,945,302,948,937,315,305,919,935,965,573,933,934,717,928,487,702
747,465,630,848,91,833,49,419,869,395,447,383,606,857,823,536,643,593,748,405
532,942,314,569,531,494,567,568,530,473,574,496,509,303,510,102,326,484,579,944
569,314,790,303,702,388,836,596,573,535,348,579,973,525,529,306,184,965,912,945
306,702,379,348,579,389,569,349,585,678,534,332,790,973,580,499,587,586,531,299
728,841,651,232,848,246,606,595,850,30,599,68,759,594,789,383,470,344,711,81
942,314,569,576,531,563,568,579,730,587,510,506,586,756,580,530,574,521,227,493
496,277,530,326,942,730,176,567,563,531,484,900,491,503,510,532,494,506,251,257
314,579,567,942,563,531,564,303,702,973,521,306,532,587,529,525,580,586,576,675
741,507,913,908,226,696,893,882,364,139,245,274,978,242,194,976,293,876,760,964
515,554,514,512,549,513,345,551,863,555,662,577,532,680,516,943,485,658,520,968
845,143,242,701,741,570,202,757,507,177,903,138,269,274,533,893,978,280,275,243
302,836,945,965,305,303,966,315,298,561,944,677,953,898,715,967,683,709,679,948
563,567,942,569,314,580,531,532,534,579,494,493,587,881,675,596,568,485,530,510
580,756,587,247,365,534,215,567,579,249,531,942,175,675,314,569,730,840,332,596
586,506,567,942,730,299,227,314,579,531,569,568,349,924,529,166,510,175,251,521
539,143,180,701,559,148,680,551,514,516,528,108,511,152,572,556,512,169,612,517
505,357,279,675,581,350,805,110,428,192,519,121,503,680,662,346,341,557,509,361
569,531,314,586,567,349,534,529,587,580,576,942,299,730,510,506,227,678,564,575
534,575,587,579,531,675,569,567,596,942,314,574,756,175,365,678,496,586,790,563
346,493,509,355,361,530,863,496,342,505,504,240,57,350,132,367,532,473,133,254
350,173,480,833,477,440,583,577,431,560,541,557,528,838,362,530,819,547,874,169
552,940,539,526,553,136,559,528,701,555,551,522,180,556,289,557,308,148,520,169
180,539,514,549,554,512,513,680,271,515,551,120,114,148,207,125,110,336,89,182
479,534,349,499,846,565,579,306,389,587,580,586,790,379,249,544,184,348,702,195
299,349,576,227,579,973,531,567,678,587,569,389,306,942,506,924,333,314,534,730
580,534,567,579,569,531,349,227,586,942,314,575,306,175,730,678,756,576,790,563
418,446,449,653,615,450,454,994,4,628,663,769,622,445,842,774,727,603,434,780
711,472,619,481,921,995,819,745,795,810,812,688,593,477,178,799,742,793,592,347
856,801,878,643,879,666,423,451,424,712,733,383,537,848,686,597,631,627,18,638
800,638,831,537,854,351,637,738,633,608,424,590,624,464,791,837,607,370,789,720
804,3,472,66,823,594,745,833,850,795,30,383,857,711,995,593,481,867,7,872
833,472,745,40,431,383,643,805,630,804,627,714,857,562,742,748,49,749,711,594
463,595,833,30,630,440,805,651,759,742,308,405,344,857,566,728,546,711,789,169
324,789,232,107,759,671,546,344,728,594,483,428,651,498,367,284,581,636,132,182
675,388,564,580,569,534,925,836,573,303,184,965,567,574,579,575,545,493,314,348
629,791,639,631,413,738,853,53,879,605,801,611,437,987,502,844,460,415,694,424
301,660,650,835,654,106,309,886,258,501,171,280,261,194,243,958,661,907,760,264
625,445,436,416,408,606,641,466,842,635,588,470,686,848,407,769,418,615,402,49
633,609,420,419,391,618,423,638,738,462,395,597,562,758,424,849,691,392,410,824
311,640,706,465,615,869,80,833,542,655,665,49,547,97,842,748,440,9,402,1
729,603,144,727,994,311,762,615,734,444,780,458,628,446,663,427,774,653,588,449
729,734,602,615,842,588,622,445,91,438,454,635,449,994,427,663,450,628,785,653
625,599,470,616,420,68,644,149,246,833,615,884,232,81,402,191,867,66,186,872
613,502,53,639,415,668,629,987,611,475,597,879,664,429,437,980,310,873,413,631
407,641,49,408,599,30,686,848,842,841,445,424,466,869,850,416,383,714,91,747
873,878,597,405,536,713,370,605,637,463,728,538,789,742,608,401,707,192,594,879
401,824,459,462,410,792,394,329,820,637,754,488,633,720,609,800,855,452,607,618
618,648,626,824,462,459,633,394,442,600,733,624,329,792,720,754,638,723,825,855
425,766,312,988,806,426,92,783,866,721,793,76,997,54,5,93,821,400,52,398
629,437,502,987,413,605,429,597,738,452,639,613,424,310,854,694,791,631,668,415
684,239,735,685,533,660,958,269,275,243,918,661,170,263,274,910,903,126,917,654
415,605,429,639,664,502,437,668,987,629,310,694,844,413,611,53,854,452,631,597
991,414,997,448,399,397,826,393,190,725,851,783,409,458,412,144,822,454,433,417
588,603,653,842,445,994,311,450,869,444,454,418,663,734,446,729,449,599,602,625
527,246,287,902,163,904,957,101,231,219,288,781,906,905,232,938,728,343,961,266
972,255,962,964,876,293,976,963,245,882,974,916,106,908,104,960,194,264,913,899
609,626,648,733,394,645,825,459,720,824,643,633,624,329,462,773,442,688,723,451
117,455,589,823,481,472,66,477,72,711,522,45,795,308,872,995,541,500,31,3
432,821,796,467,669,312,74,827,816,766,794,451,76,443,731,384,721,806,771,610
221,125,236,235,895,283,241,938,671,140,153,291,308,975,979,219,217,905,282,672
418,450,653,769,994,588,446,434,842,665,449,628,727,625,427,603,454,774,408,729
890,910,896,126,891,757,168,209,259,105,893,926,918,929,103,177,269,960,364,913
633,723,825,618,459,609,824,645,720,462,394,424,634,849,691,635,667,643,648,733
599,769,441,408,436,445,644,434,191,622,653,418,466,450,588,416,470,842,665,615
609,648,618,442,792,797,754,824,394,633,723,488,779,459,329,773,462,825,645,720
667,714,593,635,383,391,481,686,630,409,688,711,733,423,734,590,643,848,801,562
724,450,780,774,653,4,994,449,727,990,434,448,454,588,418,769,753,762,663,446
437,987,611,413,694,639,502,429,597,613,605,631,452,791,844,310,415,738,53,424
91,562,857,594,869,742,30,49,833,711,848,747,606,468,872,408,667,40,409,5
639,844,597,413,629,437,415,873,668,801,502,848,820,666,712,879,460,605,606,738
848,377,847,803,738,844,460,657,850,795,562,465,456,597,419,794,457,627,747,669
723,849,609,624,618,600,824,462,424,645,383,738,626,758,634,638,635,643,711,792
691,645,676,723,466,802,778,416,123,625,402,418,436,599,641,395,450,409,622,635
686,445,734,641,785,599,729,842,438,848,427,622,91,466,603,407,436,418,402,395
273,483,272,182,289,283,282,153,843,894,671,250,891,222,235,672,722,207,979,276
192,820,707,668,415,664,789,608,605,659,613,611,738,607,749,631,767,598,502,405
800,591,424,633,609,733,801,758,791,618,462,590,464,600,666,423,856,853,537,451
613,415,429,413,694,502,844,629,631,437,853,605,310,987,668,597,452,664,611,791
311,842,601,402,869,663,615,665,588,706,454,468,434,49,769,91,628,408,450,458
686,606,407,445,635,408,599,848,625,438,416,427,785,856,842,622,466,420,436,802
830,771,312,76,726,813,796,26,827,70,313,818,23,765,35,766,731,721,806,51
451,733,618,395,688,593,645,810,799,590,562,667,720,391,801,630,746,633,804,739
441,625,653,470,434,4,450,191,665,418,769,990,724,915,253,628,774,727,81,780
391,409,395,778,634,393,392,635,618,777,669,691,739,826,417,398,802,468,190,688
885,827,745,793,810,47,469,746,467,426,540,610,743,589,472,821,76,398,312,642
787,700,953,970,544,946,699,932,304,945,708,315,775,966,887,302,934,919,695,298
442,609,824,626,618,797,462,459,394,329,754,720,792,855,488,773,825,624,733,633
101,284,288,360,914,498,200,287,961,212,772,265,216,728,957,266,884,234,205,210
899,167,171,501,916,124,598,661,238,301,907,960,958,104,926,204,767,962,263,617
68,344,81,232,247,267,254,66,478,595,308,89,240,321,566,116,133,921,151,500
45,95,137,343,197,884,922,939,781,904,287,938,902,815,267,265,961,541,217,621
994,727,450,990,418,774,780,4,769,588,628,724,622,665,434,449,446,762,615,441
660,243,274,685,533,269,275,760,835,242,656,507,290,364,698,903,171,770,119,263
869,542,833,748,547,707,49,594,431,601,447,463,407,842,91,749,857,747,785,440
660,698,654,274,119,269,623,243,209,228,275,99,685,896,670,263,129,910,533,661
457,850,181,439,803,224,847,939,156,145,223,728,197,162,30,90,337,416,751,738
294,69,345,662,944,297,955,110,303,573,515,305,836,102,535,121,109,133,525,382
301,553,504,598,681,654,701,517,428,491,886,770,501,555,139,520,845,192,105,309
243,274,275,685,269,654,698,263,106,533,280,202,290,242,661,194,903,507,978,301
899,978,174,106,929,263,908,960,617,264,697,896,171,913,882,194,962,974,976,972
658,515,110,357,109,554,543,513,551,376,512,69,297,514,571,555,120,511,382,294
588,454,628,724,665,774,4,458,449,653,994,448,622,727,780,446,615,450,762,418
415,613,668,639,605,429,987,502,637,629,694,437,707,844,310,413,631,536,611,192
653,450,622,774,663,990,418,454,628,4,727,780,762,588,644,724,994,842,625,191
801,758,791,631,879,853,165,590,452,694,629,856,799,502,611,413,424,53,597,146
794,395,777,461,409,426,669,803,391,851,451,630,752,688,443,635,627,798,712,383
415,664,613,605,639,844,631,502,536,987,437,629,738,611,789,429,980,637,413,90
426,866,818,796,783,443,851,398,777,312,828,87,997,821,692,425,725,392,610,795
696,263,899,978,910,290,171,896,913,129,926,661,126,908,228,105,760,918,168,242
979,672,636,482,498,182,273,483,125,546,283,289,237,272,843,271,324,153,140,282
979,273,250,894,483,671,891,482,182,283,259,636,890,153,282,177,905,241,237,272
784,384,158,359,188,761,13,285,400,892,455,771,312,156,41,159,786,161,766,214
367,207,114,636,172,196,89,273,289,271,182,336,282,528,250,283,552,584,236,272
580,596,534,569,493,521,567,510,575,529,579,525,564,314,303,756,531,574,881,545
691,434,441,802,123,466,634,416,769,778,253,334,338,436,625,450,418,599,439,635
911,951,953,936,898,298,934,919,952,775,887,947,946,970,715,966,717,487,928,699
227,586,306,569,924,349,730,579,506,534,973,531,166,299,587,565,702,580,389,510
967,949,935,937,948,919,315,933,945,561,934,717,487,304,970,932,928,716,775,699
473,143,512,845,509,514,553,701,497,504,516,120,491,110,539,551,180,511,532,513
770,508,105,269,553,274,258,280,139,243,701,903,209,154,275,984,528,533,517,570
99,119,718,168,228,103,760,290,740,105,926,910,880,913,364,767,139,172,623,690
937,715,949,561,717,936,716,951,928,911,679,935,278,967,945,702,952,947,933,971
239,275,533,612,685,269,735,660,918,835,243,661,903,274,138,760,174,958,654,280
533,243,274,903,660,275,269,507,654,698,684,364,909,106,209,138,228,280,770,290
635,641,445,848,785,407,438,606,599,856,842,408,420,427,91,466,49,416,436,729
112,198,177,894,155,272,250,213,703,483,222,241,262,182,276,891,259,273,890,843
807,812,739,711,669,794,776,804,178,667,451,377,472,643,645,801,392,795,426,862
23,86,830,70,726,62,76,51,55,35,50,765,985,61,73,36,63,719,56,809
718,103,740,134,737,926,168,843,682,489,623,890,139,105,760,913,896,910,916,228
634,466,676,418,599,769,416,778,625,434,436,450,588,446,645,635,420,445,802,622
443,190,783,777,818,417,87,997,866,828,725,426,425,851,796,991,614,399,468,393
867,804,387,692,751,828,468,158,783,850,190,393,669,443,472,547,116,688,426,402
437,629,429,639,987,310,413,452,853,613,502,763,844,415,611,605,53,631,791,597
775,699,708,932,487,260,947,946,934,919,705,887,970,933,935,971,952,889,951,911
913,103,570,893,882,129,245,908,507,978,228,741,964,293,226,99,976,876,255,617
174,106,293,275,893,929,245,876,964,255,661,264,882,976,978,617,963,835,194,972
660,99,119,274,202,243,280,242,770,685,228,264,261,263,106,364,656,507,172,105
487,260,708,947,695,932,775,887,934,946,919,705,933,951,935,952,970,911,486,889
966,304,315,296,945,970,919,787,928,898,934,948,953,933,717,647,278,967,302,679
553,177,143,845,572,152,559,570,681,741,556,148,539,242,514,139,680,528,108,364
306,973,683,945,561,315,573,303,966,569,525,965,679,949,302,967,836,304,953,379
198,262,276,272,894,282,213,273,153,207,268,222,259,903,722,182,750,241,112,901
836,953,954,955,486,677,709,298,305,927,302,787,708,966,898,647,946,970,887,775
947,889,260,487,934,932,699,775,911,952,887,951,936,933,695,971,919,946,935,278
665,402,823,640,58,97,599,311,470,601,842,663,403,49,644,95,625,81,468,588
192,428,789,909,405,767,612,598,958,684,546,685,722,980,318,886,650,660,170,656
699,695,887,487,260,946,775,947,932,934,486,705,919,952,954,933,951,971,935,970
898,677,836,965,966,298,920,573,887,302,953,946,928,787,305,948,919,888,700,911
933,898,716,479,928,717,949,919,967,679,970,768,700,934,937,948,315,775,935,945
232,862,481,66,455,688,630,921,383,651,759,411,116,872,594,595,30,739,347,457
732,801,803,804,383,878,460,856,461,745,391,631,667,747,641,606,794,848,53,30
370,160,224,207,674,789,270,330,538,759,284,367,522,546,832,114,707,524,722,636
383,606,354,30,848,91,407,745,519,627,49,232,868,469,408,593,566,711,411,789
717,936,951,911,928,278,935,716,683,971,952,969,933,889,947,937,677,950,948,705
717,928,937,278,935,933,715,949,705,936,889,911,969,679,967,947,951,934,683,919
928,933,716,935,715,936,934,947,937,278,919,948,911,949,487,889,679,951,705,967
926,682,139,740,168,290,896,958,760,228,690,910,105,99,364,263,119,767,670,170
726,70,62,86,817,830,27,36,37,56,23,996,55,63,73,425,51,83,689,76
824,394,451,618,462,459,773,643,609,648,825,624,410,608,831,645,712,423,633,794
312,76,795,796,771,74,610,642,41,783,765,806,988,425,766,821,726,669,866,828
262,259,273,703,891,623,636,903,269,239,250,209,274,684,843,894,533,289,243,770
633,634,624,645,462,618,824,626,609,825,442,691,792,754,459,862,424,391,123,394
774,628,780,450,448,4,653,727,990,994,753,458,769,454,434,762,663,449,418,446
425,414,783,991,399,55,614,993,393,997,826,397,190,398,818,817,809,62,412,828
70,719,830,86,56,55,36,27,37,51,63,83,50,76,996,23,62,771,766,809
994,990,780,653,774,762,4,724,628,450,446,769,418,588,622,449,665,434,602,663
246,90,360,232,405,759,789,595,566,498,649,848,284,116,546,527,457,616,671,101
603,602,427,734,449,144,438,446,454,785,842,622,588,635,994,615,91,445,418,458
506,568,175,510,251,756,576,567,277,496,227,942,314,215,176,579,531,166,924,529
771,642,830,813,36,726,312,27,313,26,63,56,996,37,83,70,50,10,51,42
777,712,804,847,812,807,867,818,796,392,669,803,692,460,642,802,312,811,752,866
618,643,395,423,609,635,785,739,409,667,851,590,451,638,424,91,825,627,734,645
603,729,454,449,635,144,417,445,450,149,409,588,628,448,622,438,458,615,826,602
239,918,697,174,661,684,275,612,126,835,929,917,893,926,978,269,908,916,106,960
864,20,6,464,831,619,8,591,21,829,638,627,652,455,65,151,828,44,500,397
843,489,690,119,134,498,890,209,99,274,168,269,682,103,273,139,172,623,909,259
597,848,844,987,413,611,629,424,460,631,686,668,841,53,639,728,437,847,633,853
688,409,395,443,669,645,851,667,692,711,392,426,795,733,828,777,468,734,753,794
926,760,104,974,913,916,882,976,908,245,255,876,964,984,617,972,962,293,963,228
570,908,507,226,913,245,194,882,876,976,893,978,984,293,964,255,174,202,274,364
630,594,810,841,759,789,463,593,805,546,30,711,562,284,595,538,383,88,522,289
406,16,810,749,540,47,593,993,542,958,748,428,646,767,746,982,707,650,718,40
193,373,471,157,179,793,814,812,807,852,380,328,776,859,786,837,386,358,688,799
383,469,804,30,593,712,857,714,592,472,646,354,711,557,40,850,337,606,589,387
827,47,642,12,540,467,48,76,817,818,74,451,809,87,64,985,821,86,312,26
562,848,91,630,606,408,18,395,856,419,383,407,869,149,785,49,402,801,712,857
869,542,655,547,833,49,447,91,749,465,405,842,707,562,593,747,728,599,149,40
406,748,428,743,833,869,593,562,547,631,805,655,49,714,707,630,405,848,637,982
259,891,757,289,903,273,209,269,126,275,262,250,896,703,226,142,196,684,894,274
162,158,186,915,457,156,197,145,939,455,159,181,422,439,31,975,798,233,867,815
803,461,67,798,436,777,822,866,416,417,433,445,997,13,847,667,686,400,52,449
448,444,458,724,628,434,22,4,991,774,780,449,414,412,450,446,417,454,614,441
792,488,779,797,773,329,442,824,459,462,648,626,609,394,608,618,723,825,401,633
485,837,808,381,658,543,662,102,345,834,819,799,298,430,709,944,881,115,544,968
215,247,730,567,493,575,510,277,496,240,314,580,568,587,474,579,942,530,492,531
126,142,893,978,896,269,275,226,242,929,507,918,697,903,913,174,259,960,202,623
666,801,791,799,853,165,879,410,633,462,451,452,18,638,597,618,413,800,720,391
284,546,308,498,235,939,116,224,287,524,671,283,140,267,236,114,266,237,595,45
913,974,908,740,104,926,882,264,293,976,617,290,245,99,228,280,255,194,507,984
92,82,41,83,26,992,766,813,816,313,989,85,34,771,396,312,996,814,54,77
780,727,774,994,990,458,144,628,653,724,4,449,450,22,446,665,448,418,622,454
310,694,429,844,639,452,53,853,502,987,413,791,613,597,605,856,629,738,410,879
396,765,83,809,818,55,830,816,36,26,27,92,35,37,766,63,796,726,51,50
55,809,830,818,396,83,86,76,726,766,26,771,82,764,92,51,425,813,70,725
26,82,92,813,313,726,992,55,312,425,765,83,761,989,610,85,818,27,796,56
654,718,660,682,886,119,99,896,274,364,650,301,656,269,209,172,228,623,958,698
928,716,278,911,715,898,717,705,933,936,695,969,951,888,889,937,487,887,947,919
434,653,450,994,990,622,625,727,588,724,628,4,418,774,780,436,441,445,446,449
533,274,903,243,269,364,698,259,226,507,209,119,280,264,99,139,681,984,275,258
312,830,813,642,726,76,765,313,26,70,56,721,36,766,989,27,85,51,761,37
205,266,218,914,482,905,234,906,208,902,231,904,288,265,237,256,287,225,235,230
754,792,394,779,825,824,462,618,720,329,459,488,442,648,626,797,609,723,451,608
780,724,727,4,994,762,653,990,628,450,446,418,448,458,454,588,144,769,449,665
932,695,487,699,919,947,934,970,946,705,260,708,933,887,889,935,971,948,953,967
812,392,847,807,794,811,688,786,777,451,471,384,669,761,432,803,667,866,377,60
692,866,392,818,443,417,783,669,732,426,667,752,190,409,847,828,725,803,991,997
393,412,397,725,399,398,614,645,190,724,414,448,991,409,391,691,993,676,628,468
754,792,488,773,797,808,626,442,462,824,329,459,394,825,648,618,723,609,633,608
774,727,762,994,724,4,990,653,628,450,446,458,418,449,448,144,769,588,454,434
902,906,265,287,905,815,904,218,939,231,914,938,266,288,956,256,208,234,205,772
248,331,861,981,368,479,860,247,877,585,321,586,349,380,871,187,328,249,710,931
997,725,414,828,443,425,991,614,692,426,826,397,851,87,669,818,866,393,412,417
384,673,761,26,813,92,786,158,312,313,766,82,771,806,41,400,471,432,620,83
842,91,427,635,729,869,686,408,49,407,445,615,603,734,641,395,588,848,411,402
384,179,60,400,359,67,812,784,776,377,158,471,432,866,793,13,472,688,811,673
970,953,647,775,699,695,932,919,700,946,708,487,887,934,315,260,966,677,948,947
325,368,756,474,247,579,510,493,981,730,534,596,215,846,545,567,380,575,248,492
546,595,728,707,767,284,536,539,428,524,759,355,182,192,405,318,376,559,483,581
544,564,314,569,973,561,945,304,647,332,579,306,965,534,702,573,302,315,389,587
452,853,597,879,410,502,629,429,53,666,639,801,611,758,694,413,987,310,424,537
754,488,462,824,797,779,773,459,329,442,608,626,609,648,394,633,825,723,618,410
610,812,312,467,810,426,766,400,377,669,795,866,761,794,5,995,796,40,384,744
811,451,461,667,812,803,847,669,776,688,460,796,798,392,620,426,793,423,777,467
721,828,669,472,455,426,796,312,783,821,793,866,810,443,14,400,76,13,995,812
312,818,821,432,866,766,669,642,425,721,467,76,620,806,692,443,771,55,827,765
488,442,754,792,648,626,779,459,329,462,824,773,609,394,825,608,723,618,855,401
5,377,400,752,425,866,13,433,384,457,416,822,997,751,803,915,186,409,158,794
837,643,758,165,666,347,807,451,755,744,589,688,366,746,178,849,189,430,812,375
638,591,666,462,837,608,758,401,329,801,165,410,791,879,590,792,537,824,452,424
424,856,879,666,712,873,383,878,53,597,758,590,631,791,747,629,688,18,451,391
416,676,445,460,686,641,391,803,635,420,848,436,634,438,645,844,847,691,457,409
847,461,752,460,794,712,777,457,377,798,416,850,667,811,426,802,848,866,67,732
383,693,867,712,592,732,472,745,688,850,426,30,387,812,711,807,857,873,457,669
192,405,982,833,428,594,651,581,440,132,463,578,595,232,863,528,519,575,539,536
54,52,866,92,425,93,610,765,26,312,642,796,771,426,721,87,997,76,830,443
812,688,776,732,451,380,157,804,178,711,392,794,811,862,744,84,669,777,712,859
755,779,662,543,329,633,837,430,912,658,618,357,819,758,709,849,799,704,646,469
55,765,818,830,86,817,726,62,725,70,766,764,83,76,396,425,87,689,61,719
669,426,793,467,540,795,40,821,742,610,74,796,5,643,743,398,827,721,312,47
794,847,461,812,432,451,392,796,669,803,776,312,777,866,460,752,642,667,807,620
807,776,794,811,312,866,793,688,451,384,52,796,786,377,426,669,432,814,392,642
313,26,989,85,34,82,39,996,77,56,37,27,0,42,38,998,771,25,43,10
471,761,816,179,812,771,312,813,359,432,744,54,384,41,764,26,92,157,784,620
265,961,212,902,288,956,781,904,200,914,101,906,957,884,287,234,939,231,218,197
761,21,764,74,829,813,41,396,92,432,26,814,312,10,65,313,766,771,83,82
55,809,62,719,725,393,86,830,818,398,540,993,726,765,12,70,689,76,399,826
809,55,765,796,725,830,866,692,766,669,87,783,426,425,777,642,827,764,76,443
834,560,545,69,675,477,596,925,557,564,342,580,582,589,481,574,519,651,790,345
637,631,639,410,608,597,415,605,879,613,413,502,668,536,462,611,537,738,452,633
796,74,432,76,620,426,312,818,827,642,669,866,425,610,467,443,806,721,783,48
433,991,448,614,997,826,851,454,414,417,449,409,52,458,190,866,22,13,144,399
3,58,66,706,541,592,431,833,463,117,872,711,630,619,562,11,308,606,481,594
462,459,394,648,720,792,609,754,442,608,410,618,633,329,773,401,624,626,825,723
394,459,618,624,773,462,824,720,645,733,609,723,792,451,754,648,442,643,626,329
414,991,851,614,448,409,393,997,725,412,144,783,417,454,822,97,458,397,426,449
642,818,467,746,821,796,396,92,312,766,26,432,426,866,806,669,813,765,764,809
783,725,997,692,669,397,190,795,443,393,777,414,818,991,14,614,796,55,426,721
2,6,15,21,816,20,75,8,65,10,74,50,25,63,56,71,76,989,39,85
726,765,771,55,70,642,809,36,86,27,37,35,51,83,56,76,26,34,996,313
591,537,720,20,849,451,624,638,824,633,394,643,821,804,74,432,618,807,395,800
519,524,330,404,382,789,546,865,759,284,336,539,224,584,594,383,713,841,270,160
869,655,594,593,805,857,630,748,49,562,405,547,58,440,470,463,411,465,91,431
819,596,381,580,534,574,499,675,560,102,342,881,925,388,545,587,575,564,585,69
697,106,275,171,174,280,194,264,293,255,258,960,617,929,243,893,269,876,978,964
966,573,302,965,298,945,898,953,715,315,677,709,305,700,948,928,303,717,944,936
390,799,755,356,141,386,113,332,381,366,846,744,348,534,184,585,800,373,189,385
874,480,378,72,220,127,530,528,550,17,132,560,362,870,581,931,863,496,508,240
907,263,899,670,238,194,661,501,124,650,264,916,292,171,258,280,960,926,316,261
249,327,118,980,492,355,575,247,175,385,195,756,189,510,165,325,475,215,881,381
284,30,360,606,759,566,424,330,407,185,987,224,383,848,457,649,546,90,53,728
91,408,785,869,622,49,427,588,603,445,615,599,729,454,635,640,665,686,625,663
489,737,636,483,273,259,890,209,672,623,910,979,168,250,690,671,722,239,289,891
437,639,413,987,415,631,668,738,848,629,606,613,641,429,694,597,850,438,802,460
572,143,553,363,261,701,741,154,491,242,281,570,142,501,202,497,680,280,984,490
585,499,479,189,366,385,248,534,386,195,369,249,565,113,388,373,331,183,184,379
803,460,461,811,777,794,776,752,732,392,802,657,667,850,738,812,712,798,669,844
686,91,438,466,635,599,641,416,606,445,850,728,407,857,785,408,419,738,383,844
633,618,624,667,645,392,395,720,643,609,593,820,589,758,451,472,831,391,799,600
30,848,416,606,457,657,803,566,599,49,804,407,844,383,728,90,869,466,592,693
826,991,997,414,614,443,426,409,87,822,783,52,417,669,448,866,433,393,692,144
366,115,386,373,332,328,479,369,846,710,248,544,587,380,296,331,744,575,920,157
452,410,639,791,694,413,597,879,53,629,666,631,429,987,460,758,763,801,738,502
502,611,613,605,310,429,879,437,629,415,537,666,694,878,597,791,189,53,639,192
401,459,424,648,824,609,608,442,618,394,733,590,791,423,801,856,329,606,462,878
686,801,424,641,18,712,747,848,590,606,423,785,635,461,407,987,53,420,149,91
848,630,833,91,407,785,869,594,686,383,635,747,395,745,562,804,599,606,408,411
80,420,686,752,445,311,46,640,601,1,416,691,438,91,436,599,856,848,466,641
380,328,157,358,371,368,471,807,338,744,782,921,340,325,814,877,203,861,359,84
877,981,371,476,478,187,861,325,321,248,338,331,782,368,921,191,380,68,123,495
248,782,981,877,860,476,187,371,328,334,338,247,331,478,321,380,575,921,871,651
123,711,476,371,232,216,481,122,439,347,334,244,651,267,178,321,860,66,81,319
555,517,107,132,581,204,509,167,503,361,532,428,530,473,110,172,549,584,553,292
736,6,20,829,8,831,2,21,591,79,65,638,619,816,537,821,183,800,15,464
584,110,514,554,382,120,504,526,551,270,832,680,513,121,512,701,559,109,943,511
426,52,54,806,425,87,669,796,443,818,997,777,13,783,692,610,312,851,798,642
693,417,804,158,387,186,692,751,468,777,783,393,190,828,866,818,732,457,87,472
411,387,872,785,68,714,383,877,495,663,407,91,593,49,842,833,402,470,869,711
842,655,91,49,748,785,408,615,407,833,606,599,640,630,625,547,411,427,402,857
125,979,552,271,308,221,672,250,621,24,483,671,324,891,636,289,273,89,126,196
248,375,189,321,347,249,331,782,861,232,373,476,492,247,216,366,862,203,846,211
411,470,915,468,68,481,5,630,402,30,22,403,644,66,458,455,454,441,149,711
879,801,878,90,631,53,475,360,383,502,536,605,707,804,789,284,607,728,405,747
838,541,440,378,480,72,24,870,220,344,173,117,552,595,977,863,240,221,560,127
447,603,91,785,729,842,856,18,427,408,602,869,49,655,588,615,694,747,629,438
964,963,293,255,245,976,882,972,962,617,974,104,106,264,194,916,908,697,174,913
981,860,371,861,248,338,476,782,478,380,247,68,368,651,325,321,187,340,331,868
873,801,879,712,424,53,347,451,330,423,360,590,457,841,607,383,856,804,794,713
53,801,791,873,878,597,605,502,853,631,666,629,401,639,536,590,383,424,856,854
682,228,290,119,99,103,977,670,913,364,737,128,718,909,698,168,760,886,890,962
381,102,314,300,303,942,569,567,563,510,493,532,345,534,175,531,579,118,544,587
976,245,964,876,293,255,963,972,974,962,617,913,908,106,264,978,174,194,104,916
525,521,535,702,930,529,569,973,493,473,564,306,110,121,314,675,303,490,497,348
957,212,956,961,902,815,904,101,288,922,200,914,939,781,265,137,234,906,197,527
646,47,827,746,540,985,642,16,312,44,467,61,819,396,76,993,793,771,689,813
301,501,99,119,364,228,280,654,290,698,760,660,261,258,202,264,281,767,263,194
699,947,487,708,946,934,260,705,951,695,911,932,919,775,936,952,933,889,971,278
911,715,887,969,936,951,278,928,717,705,933,947,889,487,768,971,952,934,260,935
705,952,947,911,951,260,936,971,934,487,932,969,717,699,775,887,933,716,946,953
623,209,910,103,126,259,893,891,929,913,269,250,918,896,168,908,174,226,507,177
250,894,259,890,623,177,126,273,672,262,209,750,289,757,112,226,918,979,903,910
285,199,252,188,147,229,901,159,233,975,241,291,145,153,156,213,282,268,256,164
174,697,913,978,908,929,507,275,226,269,126,882,741,918,570,274,245,757,696,106
891,198,112,153,262,672,272,273,250,703,276,901,282,241,259,222,636,979,177,890
219,221,906,905,231,938,482,902,904,234,218,266,205,781,125,914,237,208,772,979
926,661,960,899,913,908,757,929,242,226,623,978,263,910,290,760,507,893,890,918
155,213,252,901,153,233,114,367,89,164,241,222,268,291,687,282,272,224,283,182
928,953,677,966,709,717,919,948,934,911,936,715,970,700,933,775,945,951,946,315
661,171,960,617,978,972,962,263,908,255,976,896,293,916,926,245,964,963,876,106
326,484,316,257,568,503,251,292,154,281,238,506,494,501,176,277,261,167,984,204
241,153,282,199,975,222,291,272,213,268,276,229,233,894,892,283,252,147,155,285
781,906,904,231,914,265,815,905,101,218,956,234,288,212,205,287,772,938,266,200
269,274,533,259,243,275,226,209,507,929,685,770,174,893,364,106,242,570,757,697
902,906,234,265,231,288,956,914,205,781,101,200,815,905,218,772,287,938,961,212
218,906,205,231,266,772,234,208,781,902,265,230,904,482,256,914,237,288,287,219
905,231,902,218,205,904,234,265,781,914,288,772,266,956,208,938,895,101,219,287
839,899,104,916,124,926,171,617,501,960,261,661,962,290,740,974,281,245,263,972
913,974,978,882,245,976,929,617,255,293,741,760,264,926,964,960,893,174,876,194
533,685,274,119,903,269,99,209,243,698,770,259,275,262,507,228,364,660,106,656
168,126,890,623,105,896,918,926,661,917,670,757,209,893,899,242,978,139,170,103
936,951,952,889,260,705,947,715,969,717,887,677,699,971,487,934,928,278,919,927
898,768,709,184,352,836,298,677,928,564,965,710,388,715,888,966,700,953,716,717
908,760,882,976,974,507,978,245,893,255,926,293,617,570,964,741,740,228,696,876
265,205,234,288,902,200,772,906,266,287,231,904,101,956,212,781,218,905,208,815
186,751,162,197,939,644,416,872,149,68,470,441,30,457,81,403,455,185,439,436
972,962,104,617,255,976,963,974,964,876,926,740,882,293,245,960,899,760,984,908
170,918,910,126,169,735,239,250,623,890,168,105,684,891,148,271,483,289,196,209
126,239,893,735,275,269,697,913,757,910,174,890,661,929,978,908,896,917,760,926
934,487,933,932,970,775,948,699,947,679,695,935,260,967,928,705,717,946,936,887
928,716,717,887,969,709,965,278,768,888,305,933,948,911,927,715,936,946,937,708
247,130,203,57,187,240,500,651,756,321,711,575,371,215,860,981,380,478,157,151
197,957,961,884,939,781,212,267,902,244,914,815,265,101,287,200,288,904,938,210
145,252,147,213,233,285,236,159,223,222,892,114,241,276,268,199,206,901,291,207
506,166,227,251,730,678,576,484,900,586,326,531,579,567,587,569,299,568,307,518
965,683,561,596,768,715,920,702,912,928,704,836,303,305,709,949,717,573,716,937
740,908,913,916,760,896,978,974,617,960,104,661,962,899,882,972,255,976,263,194
486,954,911,260,305,952,887,947,951,889,705,936,708,699,487,955,946,934,302,695
717,716,933,278,715,934,919,935,948,947,936,898,487,911,949,679,937,705,889,967
174,908,226,697,661,893,960,913,106,269,882,978,275,974,245,976,264,255,293,617
525,883,702,379,529,730,973,521,306,341,576,683,294,678,950,569,510,679,949,493
579,587,166,586,924,569,227,531,730,580,534,362,506,678,349,314,790,576,567,756
775,487,934,919,699,695,947,970,946,705,933,260,708,889,887,935,971,948,953,967
919,935,487,934,717,932,949,928,948,947,278,705,970,679,699,775,967,716,260,937
487,919,947,932,970,933,775,699,705,887,260,695,948,717,946,928,935,889,951,936
933,937,679,967,949,717,487,278,919,948,260,934,716,947,705,699,928,932,715,315
911,951,952,889,715,260,947,969,717,705,971,934,487,919,278,928,699,887,933,677
949,935,679,716,967,717,933,683,705,278,934,928,936,947,260,948,889,487,969,945
902,219,231,906,781,914,904,905,265,234,218,895,208,266,256,205,772,956,288,210
781,197,287,815,162,101,902,212,922,267,957,884,210,156,265,45,905,906,218,759
583,504,361,552,136,497,526,491,528,560,490,363,870,539,559,584,342,530,701,240
494,508,532,484,496,362,900,563,530,326,568,531,143,509,572,132,845,701,942,503
567,563,531,314,569,568,576,510,532,530,494,579,730,506,496,587,574,586,326,215
555,863,108,515,128,701,553,845,121,509,548,512,473,342,154,571,549,514,680,143
573,303,302,305,836,945,968,315,966,955,965,954,298,658,953,486,561,485,927,948
315,967,679,304,948,302,966,949,561,937,573,700,970,953,919,935,934,717,928,898
699,932,887,947,775,695,708,487,934,919,705,953,952,260,951,970,889,971,948,911
487,705,934,699,889,260,932,971,775,887,951,946,952,919,695,936,708,933,911,717
967,919,679,933,934,315,935,970,717,487,945,928,949,932,278,966,775,699,946,302
679,967,937,935,933,717,561,919,934,948,487,928,716,683,315,945,932,278,304,947
971,951,936,947,715,911,952,934,487,955,717,889,699,677,919,887,260,705,953,928
936,911,952,971,889,947,260,705,715,487,887,934,699,969,677,953,717,950,946,278
951,936,889,911,971,947,260,705,699,969,946,887,487,953,934,715,708,695,677,932
966,970,946,934,951,947,677,952,932,898,787,919,936,487,775,889,948,911,699,971
486,927,305,699,708,955,887,934,932,946,947,302,487,695,775,260,919,705,970,951
954,950,486,305,927,294,303,971,951,677,298,302,934,936,911,836,573,887,715,952
212,904,265,200,288,961,815,902,906,914,231,234,884,101,957,781,205,287,938,218
884,961,212,956,902,815,101,527,288,914,922,781,200,904,267,197,906,265,231,234
896,661,275,239,718,910,142,757,926,684,899,170,263,735,269,660,918,290,167,929
926,740,916,760,913,908,104,617,974,978,896,882,661,962,718,976,972,263,960,255
617,908,899,255,661,978,976,974,929,972,962,106,245,280,264,293,876,263,963,896
815,956,957,288,212,265,902,884,914,200,904,101,781,527,922,287,906,234,197,320
972,963,255,617,876,964,976,293,882,245,916,974,194,106,104,960,171,978,899,264
876,972,964,962,255,976,293,882,245,617,974,916,194,106,264,104,978,261,908,960
876,245,293,976,963,255,882,972,617,962,974,104,106,174,908,916,264,913,194,697
302,573,836,561,305,948,945,966,709,315,717,928,898,715,967,679,920,683,953,677
953,315,945,700,948,898,836,717,970,919,928,677,934,936,715,951,573,911,933,302
679,949,935,948,315,937,945,919,933,304,970,934,561,717,932,487,928,775,716,699
485,944,647,532,563,494,954,955,345,953,486,927,302,305,836,573,298,787,303,544
936,911,951,889,952,933,278,705,717,260,935,716,715,887,947,934,487,928,937,919
932,934,919,487,775,953,948,933,699,947,967,695,705,315,679,260,787,946,935,887
947,951,952,889,936,705,950,911,934,487,699,932,715,260,775,946,717,887,695,953
962,963,617,255,964,876,976,293,882,245,916,974,106,194,978,104,960,264,899,908
306,702,304,945,315,569,700,967,586,679,949,379,299,561,389,937,966,683,349,948
976,882,255,245,617,964,876,908,104,293,760,972,913,264,963,962,984,916,740,960
291,241,233,256,140,901,225,147,252,145,208,153,282,199,236,283,218,892,268,235
882,964,876,245,255,293,972,963,617,974,962,106,908,264,913,104,916,194,174,984
670,308,910,623,890,843,880,737,168,896,103,546,126,690,621,129,656,671,891,672
908,882,913,194,661,893,106,293,972,245,174,976,202,617,960,263,899,171,255,264
672,483,273,482,671,250,125,271,894,237,890,891,209,489,126,182,636,177,259,283
118,492,840,192,355,605,475,707,249,982,510,428,165,146,493,881,189,668,756,257
877,860,782,861,325,371,248,247,476,338,187,368,478,321,651,380,921,249,575,788
176,167,277,428,204,257,550,730,568,496,503,238,510,251,215,958,307,491,805,650
201,286,322,323,355,17,475,909,498,284,674,546,865,336,268,526,182,114,374,539
974,104,976,245,876,964,264,882,255,293,258,741,760,194,617,908,963,280,972,154
12,540,16,23,70,61,86,689,51,73,35,62,78,726,36,44,50,47,56,63
94,18,747,48,746,502,562,801,875,429,391,447,643,758,856,666,475,827,322,613
629,413,437,694,53,844,613,639,429,605,611,502,841,738,415,597,848,856,668,452
93,313,85,726,425,766,610,813,989,56,26,34,77,37,0,70,771,719,996,82
77,34,85,0,998,25,996,43,42,38,82,313,28,33,999,71,39,10,37,27
727,653,994,780,774,762,769,4,724,628,450,418,665,588,622,434,446,644,444,449
414,614,997,448,826,190,417,725,851,397,458,822,783,399,433,144,412,393,409,449
82,92,85,989,34,0,26,77,39,83,313,999,33,28,998,25,766,43,71,996
725,393,540,817,398,826,468,425,809,818,55,412,414,190,397,778,399,614,991,783
727,653,780,990,774,446,4,762,450,769,418,628,724,588,622,449,434,615,663,454
793,41,795,74,384,620,610,455,400,810,312,721,467,432,589,786,592,828,816,821
42,38,998,43,27,71,37,77,25,33,999,28,36,34,10,0,989,63,313,85
414,991,614,783,425,433,851,826,725,443,399,397,822,866,190,417,409,692,87,468
43,38,42,33,28,999,25,71,996,77,0,34,989,37,27,36,85,10,63,39
33,28,43,71,998,38,42,0,25,77,996,34,37,27,989,39,36,63,10,75
